+4.94236E+1	+4.33053E+2
+4.94274E+1	+4.27421E+2
+4.94228E+1	+4.34000E+2
+4.94256E+1	+4.32737E+2
+4.94229E+1	+4.34895E+2
+4.94223E+1	+4.29632E+2
+4.94217E+1	+4.30632E+2
+4.94181E+1	+4.33316E+2
+4.94203E+1	+4.31158E+2
+4.94197E+1	+4.33421E+2
+4.94231E+1	+4.29368E+2
+4.94171E+1	+4.27421E+2
+4.94219E+1	+4.28737E+2
+4.94193E+1	+4.32421E+2
+4.94187E+1	+4.36421E+2
+4.94221E+1	+4.31421E+2
+4.94202E+1	+4.29579E+2
+4.94233E+1	+4.36158E+2
+4.94223E+1	+4.36368E+2
+4.94195E+1	+4.37947E+2
+4.94206E+1	+4.40474E+2
+4.94184E+1	+4.35316E+2
+4.94239E+1	+4.40526E+2
+4.94169E+1	+4.37632E+2
+4.94233E+1	+4.39684E+2
+4.94217E+1	+4.34684E+2
+4.94219E+1	+4.40579E+2
+4.94176E+1	+4.35789E+2
+4.94205E+1	+4.39526E+2
+4.94209E+1	+4.39263E+2
+4.94197E+1	+4.42105E+2
+4.94207E+1	+4.41000E+2
+4.94176E+1	+4.36316E+2
+4.94191E+1	+4.43263E+2
+4.94206E+1	+4.40211E+2
+4.94217E+1	+4.37947E+2
+4.94208E+1	+4.41684E+2
+4.94228E+1	+4.44842E+2
+4.94229E+1	+4.41263E+2
+4.94228E+1	+4.38684E+2
+4.94190E+1	+4.39316E+2
+4.94171E+1	+4.36947E+2
+4.94214E+1	+4.33053E+2
+4.94195E+1	+4.37579E+2
+4.94236E+1	+4.44368E+2
+4.94218E+1	+4.39789E+2
+4.94238E+1	+4.37895E+2
+4.94173E+1	+4.39316E+2
+4.94200E+1	+4.38579E+2
+4.94193E+1	+4.37000E+2
+4.94210E+1	+4.37579E+2
+4.94218E+1	+4.36000E+2
+4.94245E+1	+4.33632E+2
+4.94202E+1	+4.32000E+2
+4.94171E+1	+4.32368E+2
+4.94180E+1	+4.39684E+2
+4.94165E+1	+4.39263E+2
+4.94218E+1	+4.40053E+2
+4.94227E+1	+4.42158E+2
+4.94200E+1	+4.40000E+2
+4.94199E+1	+4.41632E+2
+4.94195E+1	+4.40000E+2
+4.94228E+1	+4.43211E+2
+4.94182E+1	+4.43211E+2
+4.94190E+1	+4.43789E+2
+4.94177E+1	+4.39474E+2
+4.94166E+1	+4.40158E+2
+4.94158E+1	+4.41737E+2
+4.94168E+1	+4.38474E+2
+4.94176E+1	+4.42368E+2
+4.94200E+1	+4.38579E+2
+4.94205E+1	+4.37684E+2
+4.94187E+1	+4.37263E+2
+4.94223E+1	+4.42632E+2
+4.94192E+1	+4.39526E+2
+4.94190E+1	+4.41263E+2
+4.94234E+1	+4.39632E+2
+4.94195E+1	+4.42000E+2
+4.94172E+1	+4.43737E+2
+4.94176E+1	+4.35158E+2
+4.94196E+1	+4.39053E+2
+4.94258E+1	+4.45263E+2
+4.94221E+1	+4.38421E+2
+4.94198E+1	+4.36737E+2
+4.94224E+1	+4.39316E+2
+4.94243E+1	+4.41895E+2
+4.94229E+1	+4.42737E+2
+4.94182E+1	+4.40316E+2
+4.94187E+1	+4.39632E+2
+4.94186E+1	+4.41000E+2
+4.94199E+1	+4.44211E+2
+4.94222E+1	+4.37316E+2
+4.94210E+1	+4.42316E+2
+4.94218E+1	+4.44737E+2
+4.94197E+1	+4.42053E+2
+4.94201E+1	+4.42053E+2
+4.94205E+1	+4.39579E+2
+4.94205E+1	+4.41895E+2
+4.94200E+1	+4.41842E+2
+4.94198E+1	+4.36526E+2
+4.94244E+1	+4.37947E+2
+4.94204E+1	+4.41000E+2
+4.94232E+1	+4.38105E+2
+4.94232E+1	+4.40895E+2
+4.94213E+1	+4.40526E+2
+4.94241E+1	+4.44053E+2
+4.94205E+1	+4.43105E+2
+4.94208E+1	+4.41842E+2
+4.94208E+1	+4.45842E+2
+4.94190E+1	+4.42474E+2
+4.94170E+1	+4.40316E+2
+4.94127E+1	+4.41526E+2
+4.94218E+1	+4.40947E+2
+4.94230E+1	+4.44895E+2
+4.94209E+1	+4.43947E+2
+4.94180E+1	+4.44895E+2
+4.94183E+1	+4.39526E+2
+4.94200E+1	+4.43000E+2
+4.94214E+1	+4.42526E+2
+4.94212E+1	+4.43842E+2
+4.94163E+1	+4.48316E+2
+4.94239E+1	+4.44158E+2
+4.94148E+1	+4.44474E+2
+4.94178E+1	+4.42421E+2
+4.94214E+1	+4.42211E+2
+4.94222E+1	+4.42158E+2
+4.94233E+1	+4.45316E+2
+4.94248E+1	+4.42947E+2
+4.94226E+1	+4.43263E+2
+4.94173E+1	+4.44158E+2
+4.94225E+1	+4.44737E+2
+4.94212E+1	+4.40526E+2
+4.94168E+1	+4.47211E+2
+4.94209E+1	+4.43421E+2
+4.94194E+1	+4.43842E+2
+4.94192E+1	+4.42000E+2
+4.94195E+1	+4.41158E+2
+4.94184E+1	+4.46316E+2
+4.94196E+1	+4.40947E+2
+4.94216E+1	+4.43263E+2
+4.94223E+1	+4.39579E+2
+4.94202E+1	+4.43526E+2
+4.94168E+1	+4.40895E+2
+4.94211E+1	+4.40368E+2
+4.94168E+1	+4.45158E+2
+4.94220E+1	+4.45789E+2
+4.94195E+1	+4.44211E+2
+4.94216E+1	+4.45421E+2
+4.94237E+1	+4.46579E+2
+4.94194E+1	+4.44105E+2
+4.94192E+1	+4.42158E+2
+4.94227E+1	+4.41316E+2
+4.94209E+1	+4.43105E+2
+4.94219E+1	+4.40737E+2
+4.94179E+1	+4.44263E+2
+4.94241E+1	+4.44579E+2
+4.94224E+1	+4.47842E+2
+4.94253E+1	+4.40053E+2
+4.94192E+1	+4.41789E+2
+4.94243E+1	+4.42737E+2
+4.94237E+1	+4.40316E+2
+4.94229E+1	+4.42684E+2
+4.94194E+1	+4.41789E+2
+4.94207E+1	+4.39842E+2
+4.94207E+1	+4.43211E+2
+4.94244E+1	+4.43000E+2
+4.94213E+1	+4.44421E+2
+4.94229E+1	+4.39211E+2
+4.94232E+1	+4.38947E+2
+4.94194E+1	+4.37684E+2
+4.94194E+1	+4.37316E+2
+4.94221E+1	+4.39632E+2
+4.94224E+1	+4.41474E+2
+4.94197E+1	+4.38526E+2
+4.94231E+1	+4.44684E+2
+4.94190E+1	+4.40684E+2
+4.94189E+1	+4.41263E+2
+4.94195E+1	+4.41684E+2
+4.94237E+1	+4.42895E+2
+4.94207E+1	+4.43895E+2
+4.94150E+1	+4.40526E+2
+4.94173E+1	+4.43842E+2
+4.94200E+1	+4.44632E+2
+4.94174E+1	+4.48947E+2
+4.94192E+1	+4.40263E+2
+4.94209E+1	+4.38000E+2
+4.94202E+1	+4.41789E+2
+4.94199E+1	+4.42474E+2
+4.94189E+1	+4.45053E+2
+4.94215E+1	+4.40053E+2
+4.94218E+1	+4.39684E+2
+4.94191E+1	+4.42789E+2
+4.94194E+1	+4.41316E+2
+4.94227E+1	+4.34421E+2
+4.94186E+1	+4.36579E+2
+4.94216E+1	+4.41368E+2
+4.94246E+1	+4.44947E+2
+4.94219E+1	+4.44211E+2
+4.94211E+1	+4.40105E+2
+4.94206E+1	+4.40474E+2
+4.94227E+1	+4.37526E+2
+4.94220E+1	+4.40789E+2
+4.94195E+1	+4.41211E+2
+4.94231E+1	+4.41211E+2
+4.94227E+1	+4.45947E+2
+4.94178E+1	+4.38105E+2
+4.94194E+1	+4.38579E+2
+4.94183E+1	+4.41421E+2
+4.94221E+1	+4.36105E+2
+4.94220E+1	+4.39684E+2
+4.94187E+1	+4.40158E+2
+4.94236E+1	+4.38579E+2
+4.94214E+1	+4.39263E+2
+4.94212E+1	+4.34947E+2
+4.94213E+1	+4.41579E+2
+4.94229E+1	+4.40474E+2
+4.94180E+1	+4.37211E+2
+4.94177E+1	+4.38368E+2
+4.94194E+1	+4.40526E+2
+4.94197E+1	+4.43368E+2
+4.94186E+1	+4.41526E+2
+4.94185E+1	+4.37737E+2
+4.94207E+1	+4.39053E+2
+4.94216E+1	+4.38789E+2
+4.94235E+1	+4.40737E+2
+4.94229E+1	+4.39474E+2
+4.94194E+1	+4.37526E+2
+4.94242E+1	+4.40158E+2
+4.94232E+1	+4.40368E+2
+4.94230E+1	+4.39789E+2
+4.94175E+1	+4.41000E+2
+4.94215E+1	+4.39316E+2
+4.94250E+1	+4.38368E+2
+4.94250E+1	+4.38316E+2
+4.94234E+1	+4.39105E+2
+4.94222E+1	+4.40579E+2
+4.94219E+1	+4.36895E+2
+4.94224E+1	+4.40316E+2
+4.94218E+1	+4.41053E+2
+4.94262E+1	+4.38789E+2
+4.94250E+1	+4.36526E+2
+4.94240E+1	+4.38474E+2
+4.94248E+1	+4.39421E+2
+4.94226E+1	+4.36421E+2
+4.94250E+1	+4.37474E+2
+4.94214E+1	+4.37737E+2
+4.94178E+1	+4.40053E+2
+4.94145E+1	+4.37789E+2
+4.94210E+1	+4.38474E+2
+4.94219E+1	+4.40474E+2
+4.94224E+1	+4.35684E+2
+4.94238E+1	+4.39316E+2
+4.94191E+1	+4.38211E+2
+4.94180E+1	+4.34368E+2
+4.94255E+1	+4.38053E+2
+4.94245E+1	+4.36263E+2
+4.94239E+1	+4.39316E+2
+4.94226E+1	+4.37579E+2
+4.94201E+1	+4.35158E+2
+4.94207E+1	+4.36684E+2
+4.94258E+1	+4.37211E+2
+4.94216E+1	+4.36895E+2
+4.94233E+1	+4.36368E+2
+4.94231E+1	+4.36421E+2
+4.94240E+1	+4.37421E+2
+4.94234E+1	+4.37263E+2
+4.94246E+1	+4.32316E+2
+4.94171E+1	+4.35474E+2
+4.94207E+1	+4.40263E+2
+4.94230E+1	+4.39579E+2
+4.94231E+1	+4.39211E+2
+4.94250E+1	+4.34789E+2
+4.94216E+1	+4.42000E+2
+4.94254E+1	+4.39105E+2
+4.94219E+1	+4.40947E+2
+4.94228E+1	+4.38579E+2
+4.94233E+1	+4.36895E+2
+4.94265E+1	+4.39421E+2
+4.94237E+1	+4.35579E+2
+4.94252E+1	+4.39000E+2
+4.94209E+1	+4.44211E+2
+4.94221E+1	+4.37368E+2
+4.94265E+1	+4.41105E+2
+4.94263E+1	+4.36053E+2
+4.94253E+1	+4.38895E+2
+4.94197E+1	+4.35421E+2
+4.94250E+1	+4.36632E+2
+4.94222E+1	+4.37632E+2
+4.94247E+1	+4.36158E+2
+4.94229E+1	+4.36211E+2
+4.94223E+1	+4.39474E+2
+4.94261E+1	+4.33368E+2
+4.94244E+1	+4.29053E+2
+4.94244E+1	+4.24632E+2
+4.94235E+1	+4.19105E+2
+4.94249E+1	+4.06684E+2
+4.94235E+1	+4.02895E+2
+4.94238E+1	+3.97895E+2
+4.94256E+1	+3.98526E+2
+4.94272E+1	+3.92421E+2
+4.94193E+1	+3.90263E+2
+4.94184E+1	+3.93053E+2
+4.94210E+1	+3.87895E+2
+4.94241E+1	+3.92789E+2
+4.94238E+1	+3.91105E+2
+4.94239E+1	+3.89421E+2
+4.94208E+1	+3.95789E+2
+4.94179E+1	+3.87526E+2
+4.94223E+1	+3.92947E+2
+4.94230E+1	+3.92579E+2
+4.94253E+1	+3.96789E+2
+4.94233E+1	+3.85368E+2
+4.94216E+1	+3.93737E+2
+4.94259E+1	+3.94000E+2
+4.94240E+1	+3.93684E+2
+4.94220E+1	+3.92211E+2
+4.94233E+1	+3.93211E+2
+4.94243E+1	+3.92947E+2
+4.94273E+1	+3.93632E+2
+4.94251E+1	+3.89842E+2
+4.94259E+1	+3.95263E+2
+4.94224E+1	+3.93684E+2
+4.94208E+1	+3.94947E+2
+4.94236E+1	+3.89316E+2
+4.94220E+1	+3.92684E+2
+4.94247E+1	+3.90947E+2
+4.94239E+1	+3.91421E+2
+4.94263E+1	+3.94105E+2
+4.94238E+1	+3.88842E+2
+4.94228E+1	+3.94105E+2
+4.94251E+1	+3.87842E+2
+4.94233E+1	+3.91105E+2
+4.94243E+1	+3.84368E+2
+4.94228E+1	+3.79368E+2
+4.94198E+1	+3.74000E+2
+4.94248E+1	+3.67421E+2
+4.94237E+1	+3.54474E+2
+4.94229E+1	+3.29211E+2
+4.94202E+1	+2.87368E+2
+4.94242E+1	+2.55368E+2
+4.94227E+1	+2.44684E+2
+4.94211E+1	+2.63263E+2
+4.94197E+1	+2.73684E+2
+4.94226E+1	+2.90000E+2
+4.94238E+1	+2.95632E+2
+4.94234E+1	+2.94684E+2
+4.94201E+1	+2.93474E+2
+4.94227E+1	+2.89579E+2
+4.94169E+1	+2.89316E+2
+4.88902E+1	+2.71105E+2
+4.88228E+1	+2.65737E+2
+4.88216E+1	+2.73105E+2
+4.88262E+1	+2.79526E+2
+4.88290E+1	+2.78632E+2
+4.88180E+1	+2.79526E+2
+4.88534E+1	+2.85895E+2
+4.91973E+1	+2.80632E+2
+4.95560E+1	+2.70105E+2
+4.95556E+1	+2.57526E+2
+4.95607E+1	+2.53421E+2
+4.97357E+1	+2.56368E+2
+5.03652E+1	+2.52789E+2
+5.04624E+1	+2.56211E+2
+5.04611E+1	+2.54632E+2
+5.08533E+1	+2.46158E+2
+5.12946E+1	+2.39684E+2
+5.12934E+1	+2.33842E+2
+5.13827E+1	+2.42000E+2
+5.19745E+1	+2.31105E+2
+5.22707E+1	+2.30579E+2
+5.22740E+1	+2.30474E+2
+5.24586E+1	+2.30368E+2
+5.31634E+1	+2.32211E+2
+5.31914E+1	+2.32368E+2
+5.32565E+1	+2.32263E+2
+5.38126E+1	+2.28474E+2
+5.41057E+1	+2.35211E+2
+5.41036E+1	+2.30947E+2
+5.41246E+1	+2.30789E+2
+5.45535E+1	+2.32368E+2
+5.50856E+1	+2.33421E+2
+5.50905E+1	+2.31316E+2
+5.50898E+1	+2.34737E+2
+5.54273E+1	+2.28316E+2
+5.58690E+1	+2.29316E+2
+5.58781E+1	+2.26842E+2
+5.61482E+1	+2.26000E+2
+5.67647E+1	+2.20737E+2
+5.67776E+1	+2.17737E+2
+5.68907E+1	+2.13947E+2
+5.75217E+1	+2.17474E+2
+5.76037E+1	+2.20842E+2
+5.76040E+1	+2.19684E+2
+5.79464E+1	+2.26737E+2
+5.84509E+1	+2.28211E+2
+5.84587E+1	+2.27895E+2
+5.87464E+1	+2.29211E+2
+5.92437E+1	+2.18789E+2
+5.92588E+1	+2.23421E+2
+5.94909E+1	+2.28105E+2
+6.00665E+1	+2.19000E+2
+6.00773E+1	+2.16158E+2
+6.02482E+1	+2.14526E+2
+6.08710E+1	+2.21158E+2
+6.08702E+1	+2.33263E+2
+6.08671E+1	+2.33368E+2
+6.14181E+1	+2.47526E+2
+6.15918E+1	+2.53263E+2
+6.15942E+1	+2.54579E+2
+6.21565E+1	+2.73526E+2
+6.22405E+1	+2.69526E+2
+6.22398E+1	+2.69632E+2
+6.25571E+1	+2.72737E+2
+6.30590E+1	+2.69526E+2
+6.30615E+1	+2.68632E+2
+6.30609E+1	+2.71632E+2
+6.35917E+1	+2.58684E+2
+6.38078E+1	+2.50316E+2
+6.38032E+1	+2.46105E+2
+6.38980E+1	+2.47263E+2
+6.45461E+1	+2.33000E+2
+6.46852E+1	+2.28526E+2
+6.46900E+1	+2.34368E+2
+6.51267E+1	+2.21737E+2
+6.55179E+1	+2.20105E+2
+6.55267E+1	+2.21632E+2
+6.57474E+1	+2.20474E+2
+6.62816E+1	+2.20368E+2
+6.63119E+1	+2.21158E+2
+6.63704E+1	+2.13368E+2
+6.68296E+1	+2.24263E+2
+6.70553E+1	+2.34895E+2
+6.70597E+1	+2.38053E+2
+6.70543E+1	+2.42684E+2
+6.70558E+1	+2.46947E+2
+6.71929E+1	+2.47158E+2
+6.75183E+1	+2.46579E+2
+6.76141E+1	+2.35421E+2
+6.76114E+1	+2.27789E+2
+6.79359E+1	+2.28105E+2
+6.80154E+1	+2.44211E+2
+6.80189E+1	+2.55789E+2
+6.82877E+1	+2.57842E+2
+6.86006E+1	+2.58632E+2
+6.86087E+1	+2.57842E+2
+6.87128E+1	+2.56158E+2
+6.92008E+1	+2.50895E+2
+6.92163E+1	+2.45895E+2
+6.92144E+1	+2.38842E+2
+6.95575E+1	+2.17632E+2
+6.99481E+1	+2.13000E+2
+6.99578E+1	+2.08474E+2
+7.00842E+1	+2.15632E+2
+7.06692E+1	+2.20842E+2
+7.06797E+1	+2.26211E+2
+7.06982E+1	+2.24105E+2
+7.13810E+1	+2.27211E+2
+7.14772E+1	+2.25105E+2
+7.14780E+1	+2.28211E+2
+7.21280E+1	+2.24632E+2
+7.22865E+1	+2.19316E+2
+7.22871E+1	+2.30579E+2
+7.24118E+1	+2.21316E+2
+7.30607E+1	+2.26053E+2
+7.30898E+1	+2.23474E+2
+7.30901E+1	+2.30053E+2
+7.35297E+1	+2.24421E+2
+7.38414E+1	+2.25632E+2
+7.38476E+1	+2.24842E+2
+7.38520E+1	+2.30105E+2
+7.42384E+1	+2.29947E+2
+7.47865E+1	+2.34263E+2
+7.47878E+1	+2.32158E+2
+7.47841E+1	+2.27895E+2
+7.48917E+1	+2.34632E+2
+7.55477E+1	+2.40895E+2
+7.56862E+1	+2.41421E+2
+7.56826E+1	+2.42842E+2
+7.60619E+1	+2.42842E+2
+7.65295E+1	+2.39263E+2
+7.65426E+1	+2.42579E+2
+7.65557E+1	+2.39789E+2
+7.69464E+1	+2.36105E+2
+7.75129E+1	+2.28579E+2
+7.75408E+1	+2.26421E+2
+7.75433E+1	+2.32684E+2
+7.75420E+1	+2.40053E+2
+7.75399E+1	+2.26632E+2
+7.75357E+1	+2.22474E+2
+7.80954E+1	+2.25263E+2
+7.84699E+1	+2.13316E+2
+7.85085E+1	+2.07158E+2
+7.85877E+1	+2.08316E+2
+7.87007E+1	+2.11737E+2
+7.88663E+1	+2.12263E+2
+7.89126E+1	+2.15632E+2
+7.89225E+1	+2.17158E+2
+7.89936E+1	+2.18842E+2
+7.96309E+1	+2.18789E+2
+7.98098E+1	+2.09526E+2
+7.98142E+1	+2.14421E+2
+8.00079E+1	+2.06842E+2
+8.05463E+1	+2.15316E+2
+8.06156E+1	+2.11316E+2
+8.06147E+1	+2.13263E+2
+8.07592E+1	+2.14211E+2
+8.12317E+1	+2.24632E+2
+8.14128E+1	+2.21263E+2
+8.14130E+1	+2.11421E+2
+8.14125E+1	+2.05368E+2
+8.14148E+1	+2.12211E+2
+8.14816E+1	+2.20684E+2
+8.18419E+1	+2.22895E+2
+8.23742E+1	+2.24684E+2
+8.23940E+1	+2.19263E+2
+8.24249E+1	+2.23526E+2
+8.30292E+1	+2.25316E+2
+8.32042E+1	+2.31105E+2
+8.32063E+1	+2.27474E+2
+8.34386E+1	+2.28211E+2
+8.40320E+1	+2.24316E+2
+8.41522E+1	+2.22737E+2
+8.41527E+1	+2.30684E+2
+8.43365E+1	+2.23895E+2
+8.49318E+1	+2.25842E+2
+8.51705E+1	+2.24368E+2
+8.51900E+1	+2.22000E+2
+8.52887E+1	+2.23789E+2
+8.58203E+1	+2.19737E+2
+8.60110E+1	+2.28368E+2
+8.60101E+1	+2.23737E+2
+8.61464E+1	+2.23526E+2
+8.66473E+1	+2.20632E+2
+8.68651E+1	+2.23158E+2
+8.68767E+1	+2.26158E+2
+8.69685E+1	+2.27421E+2
+8.75224E+1	+2.23526E+2
+8.76236E+1	+2.23368E+2
+8.76262E+1	+2.25263E+2
+8.78433E+1	+2.27947E+2
+8.83372E+1	+2.30947E+2
+8.84189E+1	+2.24632E+2
+8.84209E+1	+2.33526E+2
+8.86078E+1	+2.35579E+2
+8.91469E+1	+2.35632E+2
+8.91713E+1	+2.39053E+2
+8.91701E+1	+2.40632E+2
+8.97512E+1	+2.41526E+2
+8.98841E+1	+2.47105E+2
+8.98895E+1	+2.45421E+2
+9.01210E+1	+2.51842E+2
+9.06784E+1	+2.46000E+2
+9.07098E+1	+2.44474E+2
+9.07091E+1	+2.40316E+2
+9.10538E+1	+2.36474E+2
+9.14930E+1	+2.30737E+2
+9.15057E+1	+2.31368E+2
+9.15075E+1	+2.37526E+2
+9.18417E+1	+2.34579E+2
+9.22847E+1	+2.14842E+2
+9.23016E+1	+2.15737E+2
+9.23039E+1	+2.14421E+2
+9.26704E+1	+2.22316E+2
+9.27877E+1	+2.38684E+2
+9.27867E+1	+2.44737E+2
+9.27880E+1	+2.42737E+2
+9.27877E+1	+2.50526E+2
+9.28498E+1	+2.50053E+2
+9.33499E+1	+2.48316E+2
+9.33781E+1	+2.51684E+2
+9.33758E+1	+2.43105E+2
+9.36864E+1	+2.38000E+2
+9.40287E+1	+2.40789E+2
+9.40304E+1	+2.44316E+2
+9.41212E+1	+2.38947E+2
+9.46749E+1	+2.42105E+2
+9.48133E+1	+2.36947E+2
+9.48283E+1	+2.36632E+2
+9.51691E+1	+2.34474E+2
+9.54897E+1	+2.32211E+2
+9.54929E+1	+2.25789E+2
+9.54950E+1	+2.21158E+2
+9.54935E+1	+2.06895E+2
+9.56596E+1	+2.01684E+2
+9.62084E+1	+2.07158E+2
+9.62134E+1	+2.07421E+2
+9.62078E+1	+2.09737E+2
+9.62161E+1	+2.02211E+2
+9.67357E+1	+2.07474E+2
+9.68823E+1	+2.27053E+2
+9.68912E+1	+2.43263E+2
+9.70287E+1	+2.44526E+2
+9.74421E+1	+2.49684E+2
+9.74429E+1	+2.51789E+2
+9.74478E+1	+2.53263E+2
+9.76125E+1	+2.54842E+2
+9.79291E+1	+2.63737E+2
+9.79654E+1	+2.62158E+2
+9.79667E+1	+2.58842E+2
+9.81111E+1	+2.61158E+2
+9.85476E+1	+2.66895E+2
+9.85563E+1	+2.62421E+2
+9.85583E+1	+2.62211E+2
+9.88063E+1	+2.61789E+2
+9.90705E+1	+2.68789E+2
+9.90947E+1	+2.62526E+2
+9.90992E+1	+2.60947E+2
+9.93042E+1	+2.64895E+2
+9.96308E+1	+2.69368E+2
+9.96687E+1	+2.62316E+2
+9.96745E+1	+2.62000E+2
+9.98515E+1	+2.67316E+2
+1.00181E+2	+2.63895E+2
+1.00189E+2	+2.64368E+2
+1.00193E+2	+2.57579E+2
+1.00388E+2	+2.64053E+2
+1.00721E+2	+2.76895E+2
+1.00718E+2	+2.79474E+2
+1.00716E+2	+2.77053E+2
+1.00795E+2	+2.89579E+2
+1.01236E+2	+3.29105E+2
+1.01238E+2	+3.25842E+2
+1.01240E+2	+3.28211E+2
+1.01324E+2	+3.39421E+2
+1.01770E+2	+3.84684E+2
+1.01808E+2	+4.02368E+2
+1.01810E+2	+4.01263E+2
+1.01862E+2	+4.08526E+2
+1.02266E+2	+4.47158E+2
+1.02281E+2	+4.55053E+2
+1.02279E+2	+4.51211E+2
+1.02390E+2	+4.56789E+2
+1.02737E+2	+4.71053E+2
+1.02746E+2	+4.79053E+2
+1.02750E+2	+4.74684E+2
+1.03008E+2	+4.72368E+2
+1.03242E+2	+4.63316E+2
+1.03249E+2	+4.68263E+2
+1.03383E+2	+4.51105E+2
+1.03806E+2	+4.00947E+2
+1.03813E+2	+3.86789E+2
+1.03808E+2	+3.63263E+2
+1.03810E+2	+3.50947E+2
+1.03808E+2	+3.44263E+2
+1.03811E+2	+3.49737E+2
+1.04007E+2	+3.27316E+2
+1.04645E+2	+2.52737E+2
+1.04699E+2	+2.52632E+2
+1.04698E+2	+2.48421E+2
+1.05025E+2	+2.29263E+2
+1.05408E+2	+2.19368E+2
+1.05417E+2	+2.21895E+2
+1.05513E+2	+2.21526E+2
+1.06094E+2	+2.34211E+2
+1.06217E+2	+2.36579E+2
+1.06221E+2	+2.32053E+2
+1.06416E+2	+2.36263E+2
+1.07058E+2	+2.32684E+2
+1.07119E+2	+2.34789E+2
+1.07118E+2	+2.28474E+2
+1.07715E+2	+2.24789E+2
+1.07947E+2	+2.21579E+2
+1.07943E+2	+2.16211E+2
+1.08331E+2	+2.25263E+2
+1.08733E+2	+2.28000E+2
+1.08753E+2	+2.27789E+2
+1.08754E+2	+2.27947E+2
+1.09208E+2	+2.40947E+2
+1.09475E+2	+2.35211E+2
+1.09477E+2	+2.32211E+2
+1.09593E+2	+2.39158E+2
+1.10181E+2	+2.31947E+2
+1.10343E+2	+2.31789E+2
+1.10343E+2	+2.24053E+2
+1.10677E+2	+2.23000E+2
+1.11231E+2	+2.27053E+2
+1.11250E+2	+2.23737E+2
+1.11275E+2	+2.29842E+2
+1.12004E+2	+2.49579E+2
+1.12047E+2	+2.48895E+2
+1.12046E+2	+2.47579E+2
+1.12448E+2	+2.56684E+2
+1.13028E+2	+2.37947E+2
+1.13038E+2	+2.40421E+2
+1.13181E+2	+2.37368E+2
+1.13860E+2	+2.61368E+2
+1.13899E+2	+2.57789E+2
+1.13905E+2	+2.63105E+2
+1.14339E+2	+3.27211E+2
+1.14728E+2	+4.37842E+2
+1.14746E+2	+4.44789E+2
+1.14930E+2	+4.91474E+2
+1.15485E+2	+6.71474E+2
+1.15589E+2	+6.92632E+2
+1.15584E+2	+6.92316E+2
+1.15657E+2	+7.10368E+2
+1.16204E+2	+8.18053E+2
+1.16543E+2	+8.17737E+2
+1.16542E+2	+8.13789E+2
+1.16667E+2	+8.06684E+2
+1.17312E+2	+6.32158E+2
+1.17383E+2	+6.01895E+2
+1.17384E+2	+5.99211E+2
+1.17825E+2	+4.55895E+2
+1.18224E+2	+3.46263E+2
+1.18245E+2	+3.39632E+2
+1.18309E+2	+3.19105E+2
+1.18918E+2	+2.43368E+2
+1.19138E+2	+2.32947E+2
+1.19138E+2	+2.39000E+2
+1.19297E+2	+2.37211E+2
+1.19894E+2	+2.53211E+2
+1.19937E+2	+2.56158E+2
+1.19942E+2	+2.64053E+2
+1.20492E+2	+2.63579E+2
+1.20663E+2	+2.54263E+2
+1.20669E+2	+2.52632E+2
+1.20940E+2	+2.44053E+2
+1.21408E+2	+2.29526E+2
+1.21413E+2	+2.25947E+2
+1.21411E+2	+2.22947E+2
+1.21965E+2	+2.25842E+2
+1.22116E+2	+2.38158E+2
+1.22119E+2	+2.40895E+2
+1.22266E+2	+2.46526E+2
+1.22785E+2	+2.61789E+2
+1.22794E+2	+2.59895E+2
+1.22790E+2	+2.64789E+2
+1.23204E+2	+2.59263E+2
+1.23658E+2	+2.54316E+2
+1.23656E+2	+2.51526E+2
+1.23690E+2	+2.51421E+2
+1.24274E+2	+2.28737E+2
+1.24471E+2	+2.26211E+2
+1.24467E+2	+2.25158E+2
+1.24580E+2	+2.24842E+2
+1.25119E+2	+2.55632E+2
+1.25197E+2	+2.45842E+2
+1.25200E+2	+2.54211E+2
+1.25418E+2	+2.57263E+2
+1.25871E+2	+2.61947E+2
+1.25918E+2	+2.63526E+2
+1.25919E+2	+2.64895E+2
+1.26341E+2	+2.51000E+2
+1.26582E+2	+2.52632E+2
+1.26584E+2	+2.44842E+2
+1.26609E+2	+2.47579E+2
+1.27209E+2	+2.85947E+2
+1.27362E+2	+3.17947E+2
+1.27358E+2	+3.13421E+2
+1.27379E+2	+3.30421E+2
+1.27908E+2	+5.32474E+2
+1.28246E+2	+6.95000E+2
+1.28242E+2	+6.90158E+2
+1.28375E+2	+7.79632E+2
+1.28885E+2	+1.06253E+3
+1.28884E+2	+1.06353E+3
+1.28886E+2	+1.05253E+3
+1.29471E+2	+1.16979E+3
+1.29533E+2	+1.17437E+3
+1.29537E+2	+1.17700E+3
+1.29895E+2	+1.08679E+3
+1.30299E+2	+8.98842E+2
+1.30310E+2	+9.03579E+2
+1.30423E+2	+8.36684E+2
+1.30979E+2	+5.38947E+2
+1.30988E+2	+5.40895E+2
+1.30983E+2	+5.20053E+2
+1.31488E+2	+3.20789E+2
+1.31624E+2	+2.95211E+2
+1.31620E+2	+2.90526E+2
+1.31833E+2	+2.54421E+2
+1.32186E+2	+2.45053E+2
+1.32195E+2	+2.47526E+2
+1.32241E+2	+2.44895E+2
+1.32823E+2	+2.77105E+2
+1.32912E+2	+2.81474E+2
+1.32910E+2	+2.81000E+2
+1.33213E+2	+2.76947E+2
+1.33551E+2	+2.63211E+2
+1.33565E+2	+2.66789E+2
+1.33586E+2	+2.72158E+2
+1.34120E+2	+2.42158E+2
+1.34197E+2	+2.35579E+2
+1.34192E+2	+2.30211E+2
+1.34497E+2	+2.26579E+2
+1.34999E+2	+2.27211E+2
+1.35005E+2	+2.26579E+2
+1.34999E+2	+2.21263E+2
+1.35557E+2	+2.61579E+2
+1.35821E+2	+2.58789E+2
+1.35820E+2	+2.60895E+2
+1.35880E+2	+2.63053E+2
+1.36485E+2	+2.59211E+2
+1.36543E+2	+2.48789E+2
+1.36545E+2	+2.59053E+2
+1.36669E+2	+2.55105E+2
+1.37242E+2	+2.33789E+2
+1.37298E+2	+2.25895E+2
+1.37298E+2	+2.25684E+2
+1.37364E+2	+2.25211E+2
+1.38004E+2	+2.45105E+2
+1.38184E+2	+2.47158E+2
+1.38185E+2	+2.40474E+2
+1.38336E+2	+2.48158E+2
+1.38957E+2	+2.59737E+2
+1.38990E+2	+2.51632E+2
+1.38996E+2	+2.48632E+2
+1.39374E+2	+2.38053E+2
+1.39766E+2	+2.38474E+2
+1.39768E+2	+2.39316E+2
+1.39810E+2	+2.37000E+2
+1.40488E+2	+3.64474E+2
+1.40576E+2	+3.95000E+2
+1.40575E+2	+3.92474E+2
+1.40710E+2	+4.58474E+2
+1.41416E+2	+8.57474E+2
+1.41546E+2	+9.22421E+2
+1.41550E+2	+9.16842E+2
+1.41727E+2	+1.04974E+3
+1.42310E+2	+1.26026E+3
+1.42328E+2	+1.26105E+3
+1.42333E+2	+1.27374E+3
+1.42717E+2	+1.26411E+3
+1.43253E+2	+1.12221E+3
+1.43253E+2	+1.12095E+3
+1.43257E+2	+1.11079E+3
+1.43820E+2	+7.60789E+2
+1.44031E+2	+6.41105E+2
+1.44052E+2	+6.32579E+2
+1.44128E+2	+5.69421E+2
+1.44715E+2	+3.18368E+2
+1.44863E+2	+2.77789E+2
+1.44866E+2	+2.86526E+2
+1.45214E+2	+2.36842E+2
+1.45545E+2	+2.37158E+2
+1.45549E+2	+2.42632E+2
+1.45748E+2	+2.51842E+2
+1.46305E+2	+2.80368E+2
+1.46320E+2	+2.70737E+2
+1.46324E+2	+2.71316E+2
+1.46783E+2	+2.71789E+2
+1.47130E+2	+2.52579E+2
+1.47128E+2	+2.52421E+2
+1.47333E+2	+2.45895E+2
+1.47879E+2	+2.18737E+2
+1.47917E+2	+2.12263E+2
+1.47912E+2	+2.11421E+2
+1.48466E+2	+2.24053E+2
+1.48731E+2	+2.39579E+2
+1.48730E+2	+2.53158E+2
+1.48907E+2	+2.49000E+2
+1.49446E+2	+2.68684E+2
+1.49504E+2	+2.61263E+2
+1.49504E+2	+2.61842E+2
+1.49798E+2	+2.55526E+2
+1.50287E+2	+2.39526E+2
+1.50312E+2	+2.26789E+2
+1.50341E+2	+2.31053E+2
+1.50841E+2	+2.13947E+2
+1.51131E+2	+2.13842E+2
+1.51134E+2	+2.15526E+2
+1.51127E+2	+2.21053E+2
+1.51621E+2	+2.21211E+2
+1.52072E+2	+2.38000E+2
+1.52070E+2	+2.33105E+2
+1.52128E+2	+2.39789E+2
+1.52662E+2	+2.36316E+2
+1.52790E+2	+2.30526E+2
+1.52788E+2	+2.25632E+2
+1.53056E+2	+2.21579E+2
+1.53499E+2	+2.45947E+2
+1.53515E+2	+2.49053E+2
+1.53509E+2	+2.41263E+2
+1.54008E+2	+3.45263E+2
+1.54297E+2	+4.48947E+2
+1.54307E+2	+4.50895E+2
+1.54317E+2	+4.79421E+2
+1.54836E+2	+7.35421E+2
+1.55187E+2	+9.09053E+2
+1.55182E+2	+9.10263E+2
+1.55231E+2	+9.29947E+2
+1.55838E+2	+1.09795E+3
+1.55988E+2	+1.11605E+3
+1.55988E+2	+1.10911E+3
+1.56062E+2	+1.08232E+3
+1.56599E+2	+9.26000E+2
+1.56720E+2	+8.72947E+2
+1.56717E+2	+8.69211E+2
+1.56845E+2	+8.03632E+2
+1.57329E+2	+5.48368E+2
+1.57433E+2	+5.19737E+2
+1.57434E+2	+5.04211E+2
+1.57718E+2	+3.80737E+2
+1.58149E+2	+2.73895E+2
+1.58164E+2	+2.65842E+2
+1.58179E+2	+2.67579E+2
+1.58691E+2	+2.33000E+2
+1.58836E+2	+2.37053E+2
+1.58848E+2	+2.34526E+2
+1.59185E+2	+2.51368E+2
+1.59538E+2	+2.60947E+2
+1.59532E+2	+2.50895E+2
+1.59627E+2	+2.59158E+2
+1.60158E+2	+2.41632E+2
+1.60284E+2	+2.35789E+2
+1.60288E+2	+2.42053E+2
+1.60687E+2	+2.28211E+2
+1.60984E+2	+2.18421E+2
+1.60986E+2	+2.06316E+2
+1.61091E+2	+2.05684E+2
+1.61684E+2	+2.16895E+2
+1.61698E+2	+2.19211E+2
+1.61702E+2	+2.21947E+2
+1.62153E+2	+2.39421E+2
+1.62313E+2	+2.41895E+2
+1.62324E+2	+2.39737E+2
+1.62495E+2	+2.40632E+2
+1.62986E+2	+2.34421E+2
+1.63056E+2	+2.31895E+2
+1.63054E+2	+2.34158E+2
+1.63534E+2	+2.13842E+2
+1.63768E+2	+2.12789E+2
+1.63770E+2	+2.09053E+2
+1.63947E+2	+2.06105E+2
+1.64487E+2	+2.16474E+2
+1.64486E+2	+2.14211E+2
+1.64489E+2	+2.14368E+2
+1.64910E+2	+2.23000E+2
+1.65206E+2	+2.22789E+2
+1.65225E+2	+2.18895E+2
+1.65415E+2	+2.24105E+2
+1.65915E+2	+2.13158E+2
+1.65930E+2	+2.05842E+2
+1.66003E+2	+2.05579E+2
+1.66536E+2	+2.24737E+2
+1.66672E+2	+2.57368E+2
+1.66680E+2	+2.63579E+2
+1.67060E+2	+3.24579E+2
+1.67449E+2	+4.26895E+2
+1.67450E+2	+4.25263E+2
+1.67455E+2	+4.37105E+2
+1.67942E+2	+5.59368E+2
+1.68111E+2	+5.83263E+2
+1.68114E+2	+5.70316E+2
+1.68115E+2	+5.69000E+2
+1.68565E+2	+6.44158E+2
+1.68830E+2	+6.57842E+2
+1.68839E+2	+6.59947E+2
+1.68836E+2	+6.58579E+2
+1.69302E+2	+6.12316E+2
+1.69630E+2	+5.33632E+2
+1.69635E+2	+5.30000E+2
+1.69637E+2	+5.29316E+2
+1.70214E+2	+3.78316E+2
+1.70361E+2	+3.47684E+2
+1.70366E+2	+3.50263E+2
+1.70494E+2	+3.19895E+2
+1.71100E+2	+2.34684E+2
+1.71159E+2	+2.28053E+2
+1.71152E+2	+2.20842E+2
+1.71565E+2	+2.17316E+2
+1.71872E+2	+2.26105E+2
+1.71874E+2	+2.17368E+2
+1.71936E+2	+2.24158E+2
+1.72513E+2	+2.28632E+2
+1.72677E+2	+2.29421E+2
+1.72674E+2	+2.19000E+2
+1.72862E+2	+2.31474E+2
+1.73328E+2	+2.15947E+2
+1.73341E+2	+2.20368E+2
+1.73352E+2	+2.20316E+2
+1.73850E+2	+2.10105E+2
+1.74120E+2	+2.04211E+2
+1.74117E+2	+1.98895E+2
+1.74195E+2	+1.99000E+2
+1.74752E+2	+2.04474E+2
+1.74858E+2	+2.04105E+2
+1.74858E+2	+2.05368E+2
+1.74860E+2	+2.06158E+2
+1.75470E+2	+2.17947E+2
+1.75638E+2	+2.19316E+2
+1.75636E+2	+2.21158E+2
+1.75833E+2	+2.16737E+2
+1.76441E+2	+2.16895E+2
+1.76456E+2	+2.07895E+2
+1.76458E+2	+2.13632E+2
+1.76539E+2	+2.11368E+2
+1.77119E+2	+2.07632E+2
+1.77227E+2	+2.10842E+2
+1.77233E+2	+2.11474E+2
+1.77388E+2	+2.08895E+2
+1.77969E+2	+2.15158E+2
+1.77985E+2	+2.14421E+2
+1.77982E+2	+2.08474E+2
+1.78405E+2	+2.05474E+2
+1.78749E+2	+2.10000E+2
+1.78770E+2	+2.06211E+2
+1.78792E+2	+2.05789E+2
+1.79338E+2	+2.10737E+2
+1.79395E+2	+2.07211E+2
+1.79394E+2	+2.06789E+2
+1.79646E+2	+2.12421E+2
+1.80128E+2	+2.30053E+2
+1.80136E+2	+2.28789E+2
+1.80124E+2	+2.32579E+2
+1.80403E+2	+2.51947E+2
+1.80818E+2	+2.90895E+2
+1.80811E+2	+2.73368E+2
+1.80819E+2	+2.69632E+2
+1.81136E+2	+2.98895E+2
+1.81476E+2	+3.45316E+2
+1.81492E+2	+3.60053E+2
+1.81488E+2	+3.57368E+2
+1.81492E+2	+3.52684E+2
+1.81656E+2	+3.60526E+2
+1.82205E+2	+3.69632E+2
+1.82305E+2	+3.65000E+2
+1.82298E+2	+3.71421E+2
+1.82500E+2	+3.57105E+2
+1.82552E+2	+3.54526E+2
+1.82553E+2	+3.60000E+2
+1.82558E+2	+3.63368E+2
+1.82555E+2	+3.62632E+2
+1.82555E+2	+3.54789E+2
+1.82552E+2	+3.45737E+2
+1.82559E+2	+3.26632E+2
+1.82556E+2	+3.42211E+2
+1.82557E+2	+3.47842E+2
+1.82557E+2	+3.71421E+2
+1.82560E+2	+3.85263E+2
+1.82553E+2	+4.02105E+2
+1.82564E+2	+4.32526E+2
+1.82560E+2	+4.49632E+2
+1.82559E+2	+4.52632E+2
+1.82555E+2	+4.63895E+2
+1.82557E+2	+4.72895E+2
+1.82559E+2	+4.72000E+2
+1.82556E+2	+4.64421E+2
+1.82556E+2	+4.61105E+2
+1.82558E+2	+4.73211E+2
+1.82556E+2	+4.71947E+2
+1.82561E+2	+4.76474E+2
+1.82554E+2	+4.67474E+2
+1.82553E+2	+4.70158E+2
+1.82561E+2	-8.66842E+1
+1.82560E+2	-8.01053E+1
+1.82560E+2	-5.27895E+1
+1.82565E+2	+1.61579E+1
+1.82561E+2	+8.68421E+1
+1.82564E+2	+1.41474E+2
+1.82561E+2	+1.66947E+2
+1.82559E+2	+1.67000E+2
+1.82560E+2	+1.62000E+2
+1.82552E+2	+1.19474E+2
+1.82558E+2	+9.72105E+1
+1.82553E+2	+7.98421E+1
+1.82552E+2	+6.01053E+1
+1.82558E+2	+5.27895E+1
+1.82553E+2	+2.27895E+1
+1.82553E+2	+6.57895E+0
+1.82554E+2	-2.55263E+1
+1.82561E+2	-4.40526E+1
+1.82551E+2	-5.93684E+1
+1.82557E+2	-7.47368E+1
+1.82555E+2	-9.04211E+1
+1.82551E+2	-9.71579E+1
+1.82555E+2	-9.08947E+1
+1.82556E+2	-9.93684E+1
+1.82552E+2	-1.25474E+2
+1.82557E+2	-1.28947E+2
+1.82558E+2	-1.41579E+2
+1.82559E+2	-1.50895E+2
+1.82558E+2	-1.43842E+2
+1.82563E+2	-1.37895E+2
+1.82555E+2	-1.32105E+2
+1.82559E+2	-1.30263E+2
+1.82555E+2	-1.39053E+2
+1.82561E+2	-1.47895E+2
+1.82894E+2	-1.46684E+2
+1.83377E+2	-1.52105E+2
+1.83424E+2	-1.54526E+2
+1.83446E+2	-1.44842E+2
+1.83551E+2	-1.38842E+2
+1.83552E+2	-1.42526E+2
+1.83544E+2	-1.48421E+2
+1.83549E+2	-1.48579E+2
+1.83546E+2	-1.51579E+2
+1.83545E+2	-1.40789E+2
+1.83547E+2	-1.41684E+2
+1.83549E+2	-1.41842E+2
+1.83548E+2	-1.45526E+2
+1.83549E+2	-1.46000E+2
+1.83547E+2	-1.40000E+2
+1.83550E+2	-1.46632E+2
+1.83548E+2	-1.46526E+2
+1.83549E+2	-1.41579E+2
+1.83546E+2	-1.44316E+2
+1.83549E+2	-1.45368E+2
+1.83547E+2	-1.41842E+2
+1.83187E+2	-1.47211E+2
+1.83118E+2	-1.34316E+2
+1.83119E+2	-1.38632E+2
+1.82691E+2	-1.39211E+2
+1.82553E+2	-1.36000E+2
+1.82560E+2	-1.37158E+2
+1.82181E+2	-1.28895E+2
+1.81944E+2	-1.38000E+2
+1.81944E+2	-1.34737E+2
+1.81770E+2	-1.31211E+2
+1.81338E+2	-1.30526E+2
+1.81322E+2	-1.37632E+2
+1.81282E+2	-1.36421E+2
+1.80821E+2	-1.39421E+2
+1.80803E+2	-1.29895E+2
+1.80801E+2	-1.36579E+2
+1.80462E+2	-1.42842E+2
+1.80169E+2	-1.35421E+2
+1.80159E+2	-1.35211E+2
+1.80145E+2	-1.37842E+2
+1.79722E+2	-1.43684E+2
+1.79628E+2	-1.45368E+2
+1.79626E+2	-1.40842E+2
+1.79434E+2	-1.40105E+2
+1.79009E+2	-1.46105E+2
+1.79012E+2	-1.47263E+2
+1.79010E+2	-1.46842E+2
+1.78544E+2	-1.47895E+2
+1.78352E+2	-1.42105E+2
+1.78347E+2	-1.50158E+2
+1.78147E+2	-1.50526E+2
+1.77732E+2	-1.54526E+2
+1.77662E+2	-1.44684E+2
+1.77660E+2	-1.48000E+2
+1.77658E+2	-1.45842E+2
+1.77477E+2	-1.49421E+2
+1.76975E+2	-1.52737E+2
+1.76930E+2	-1.52000E+2
+1.76921E+2	-1.50316E+2
+1.76613E+2	-1.54474E+2
+1.76227E+2	-1.43579E+2
+1.76216E+2	-1.54632E+2
+1.76217E+2	-1.55000E+2
+1.75777E+2	-1.59211E+2
+1.75652E+2	-1.56316E+2
+1.75649E+2	-1.56842E+2
+1.75588E+2	-1.60632E+2
+1.75012E+2	-1.52158E+2
+1.74979E+2	-1.51947E+2
+1.74974E+2	-1.56947E+2
+1.74502E+2	-1.52158E+2
+1.74315E+2	-1.45526E+2
+1.74307E+2	-1.54105E+2
+1.74199E+2	-1.50316E+2
+1.73746E+2	-1.53526E+2
+1.73721E+2	-1.60632E+2
+1.73719E+2	-1.59684E+2
+1.73352E+2	-1.52368E+2
+1.73046E+2	-1.46211E+2
+1.73036E+2	-1.55211E+2
+1.73037E+2	-1.45895E+2
+1.72713E+2	-1.46211E+2
+1.72464E+2	-1.35947E+2
+1.72456E+2	-1.45789E+2
+1.72454E+2	-1.46842E+2
+1.72085E+2	-1.37842E+2
+1.71863E+2	-1.46000E+2
+1.71857E+2	-1.34368E+2
+1.71845E+2	-1.42158E+2
+1.71412E+2	-1.27158E+2
+1.71226E+2	-1.23053E+2
+1.71215E+2	-1.28474E+2
+1.71154E+2	-1.18000E+2
+1.70710E+2	-1.04368E+2
+1.70592E+2	-1.13474E+2
+1.70591E+2	-1.07316E+2
+1.70467E+2	-1.12579E+2
+1.70007E+2	-9.82105E+1
+1.69881E+2	-1.04579E+2
+1.69885E+2	-1.01053E+2
+1.69640E+2	-9.48421E+1
+1.69201E+2	-9.78421E+1
+1.69148E+2	-9.42105E+1
+1.69150E+2	-9.01579E+1
+1.68996E+2	-9.38947E+1
+1.68573E+2	-9.05263E+1
+1.68511E+2	-9.06842E+1
+1.68507E+2	-1.03947E+2
+1.68313E+2	-9.97895E+1
+1.67835E+2	-9.91053E+1
+1.67788E+2	-9.38947E+1
+1.67796E+2	-9.50526E+1
+1.67287E+2	-1.04737E+2
+1.67235E+2	-1.06158E+2
+1.67222E+2	-1.13947E+2
+1.67217E+2	-1.16526E+2
+1.66705E+2	-1.12947E+2
+1.66645E+2	-1.07000E+2
+1.66639E+2	-1.13526E+2
+1.66589E+2	-1.16211E+2
+1.66040E+2	-1.29526E+2
+1.66012E+2	-1.29789E+2
+1.66011E+2	-1.36684E+2
+1.65712E+2	-1.39053E+2
+1.65308E+2	-1.41316E+2
+1.65303E+2	-1.37211E+2
+1.65300E+2	-1.42000E+2
+1.64867E+2	-1.41421E+2
+1.64717E+2	-1.45632E+2
+1.64718E+2	-1.41684E+2
+1.64484E+2	-1.51105E+2
+1.64161E+2	-1.51421E+2
+1.64163E+2	-1.41895E+2
+1.64144E+2	-1.45263E+2
+1.63378E+2	-1.42158E+2
+1.63306E+2	-1.42632E+2
+1.63237E+2	-1.42632E+2
+1.62467E+2	-1.44737E+2
+1.62419E+2	-1.42421E+2
+1.62220E+2	-1.47684E+2
+1.61542E+2	-1.45789E+2
+1.61534E+2	-1.46368E+2
+1.61401E+2	-1.51474E+2
+1.60618E+2	-1.43842E+2
+1.60494E+2	-1.50211E+2
+1.60461E+2	-1.39105E+2
+1.59737E+2	-1.48947E+2
+1.59642E+2	-1.36684E+2
+1.59647E+2	-1.35474E+2
+1.59022E+2	-1.35947E+2
+1.58639E+2	-1.22737E+2
+1.58634E+2	-1.29211E+2
+1.57967E+2	-1.09895E+2
+1.57760E+2	-1.06053E+2
+1.57757E+2	-1.04842E+2
+1.57441E+2	-8.72632E+1
+1.56949E+2	-8.35263E+1
+1.56951E+2	-7.93684E+1
+1.56795E+2	-8.06316E+1
+1.56067E+2	-6.10526E+1
+1.56066E+2	-5.17368E+1
+1.56000E+2	-5.87895E+1
+1.55417E+2	-4.80526E+1
+1.55220E+2	-5.79474E+1
+1.55217E+2	-5.94737E+1
+1.54728E+2	-5.85263E+1
+1.54479E+2	-6.19474E+1
+1.54479E+2	-6.56842E+1
+1.54373E+2	-6.82632E+1
+1.53842E+2	-8.84211E+1
+1.53807E+2	-8.51053E+1
+1.53794E+2	-8.36316E+1
+1.53154E+2	-1.08842E+2
+1.52925E+2	-1.08737E+2
+1.52917E+2	-1.10263E+2
+1.52407E+2	-1.23158E+2
+1.52281E+2	-1.28947E+2
+1.52278E+2	-1.30421E+2
+1.51956E+2	-1.33158E+2
+1.51624E+2	-1.42316E+2
+1.51621E+2	-1.37211E+2
+1.51396E+2	-1.40368E+2
+1.50884E+2	-1.38579E+2
+1.50886E+2	-1.38579E+2
+1.50883E+2	-1.41789E+2
+1.50471E+2	-1.48105E+2
+1.50243E+2	-1.48053E+2
+1.50238E+2	-1.45842E+2
+1.50012E+2	-1.41211E+2
+1.49465E+2	-1.37842E+2
+1.49466E+2	-1.35263E+2
+1.49256E+2	-1.38211E+2
+1.48703E+2	-1.42684E+2
+1.48661E+2	-1.45895E+2
+1.48663E+2	-1.43105E+2
+1.48230E+2	-1.39211E+2
+1.47836E+2	-1.35947E+2
+1.47836E+2	-1.44842E+2
+1.47522E+2	-1.47947E+2
+1.46974E+2	-1.42632E+2
+1.46966E+2	-1.38632E+2
+1.46876E+2	-1.34737E+2
+1.46211E+2	-1.24368E+2
+1.46056E+2	-1.36474E+2
+1.46061E+2	-1.31368E+2
+1.45409E+2	-1.09895E+2
+1.45118E+2	-1.06737E+2
+1.45118E+2	-1.03737E+2
+1.44977E+2	-1.01421E+2
+1.44420E+2	-7.35789E+1
+1.44388E+2	-7.05789E+1
+1.44391E+2	-7.95789E+1
+1.43877E+2	-5.32632E+1
+1.43737E+2	-5.48947E+1
+1.43734E+2	-5.96842E+1
+1.43674E+2	-4.71579E+1
+1.43141E+2	-3.89474E+1
+1.42768E+2	-3.45789E+1
+1.42763E+2	-3.69474E+1
+1.42760E+2	-4.60526E+1
+1.42155E+2	-3.95789E+1
+1.41877E+2	-3.88421E+1
+1.41872E+2	-4.43158E+1
+1.41628E+2	-4.74737E+1
+1.41201E+2	-6.09474E+1
+1.41172E+2	-6.03158E+1
+1.41169E+2	-6.01579E+1
+1.40592E+2	-8.10000E+1
+1.40365E+2	-9.25263E+1
+1.40361E+2	-8.54737E+1
+1.40074E+2	-9.71053E+1
+1.39644E+2	-1.12579E+2
+1.39628E+2	-1.13368E+2
+1.39616E+2	-1.15263E+2
+1.39122E+2	-1.26579E+2
+1.38824E+2	-1.37105E+2
+1.38824E+2	-1.29632E+2
+1.38530E+2	-1.42895E+2
+1.38005E+2	-1.41842E+2
+1.37989E+2	-1.43211E+2
+1.37977E+2	-1.40947E+2
+1.37425E+2	-1.37368E+2
+1.37350E+2	-1.37526E+2
+1.37350E+2	-1.47737E+2
+1.36952E+2	-1.42632E+2
+1.36461E+2	-1.41737E+2
+1.36460E+2	-1.42158E+2
+1.36449E+2	-1.35316E+2
+1.35902E+2	-1.45421E+2
+1.35746E+2	-1.52053E+2
+1.35741E+2	-1.50105E+2
+1.35640E+2	-1.44263E+2
+1.35048E+2	-1.42947E+2
+1.34936E+2	-1.50105E+2
+1.34938E+2	-1.43579E+2
+1.34324E+2	-1.38684E+2
+1.34191E+2	-1.43632E+2
+1.34190E+2	-1.48263E+2
+1.33978E+2	-1.44632E+2
+1.33487E+2	-1.41421E+2
+1.33465E+2	-1.41737E+2
+1.33458E+2	-1.41158E+2
+1.32677E+2	-1.30316E+2
+1.32521E+2	-1.28000E+2
+1.32520E+2	-1.25684E+2
+1.32006E+2	-1.11316E+2
+1.31731E+2	-1.05579E+2
+1.31722E+2	-1.09579E+2
+1.31540E+2	-1.03579E+2
+1.31080E+2	-9.04211E+1
+1.31078E+2	-9.41579E+1
+1.31075E+2	-8.96842E+1
+1.30366E+2	-7.46316E+1
+1.30178E+2	-6.81579E+1
+1.30175E+2	-6.41579E+1
+1.29741E+2	-6.64211E+1
+1.29402E+2	-5.72632E+1
+1.29389E+2	-5.84737E+1
+1.29291E+2	-5.53684E+1
+1.28596E+2	-6.24737E+1
+1.28528E+2	-6.30526E+1
+1.28516E+2	-6.97368E+1
+1.28011E+2	-6.44211E+1
+1.27839E+2	-7.66316E+1
+1.27839E+2	-7.31579E+1
+1.27568E+2	-8.16316E+1
+1.26961E+2	-8.83684E+1
+1.26956E+2	-9.66842E+1
+1.26930E+2	-1.03526E+2
+1.26301E+2	-1.14947E+2
+1.26241E+2	-1.21158E+2
+1.26234E+2	-1.20526E+2
+1.25895E+2	-1.18263E+2
+1.25312E+2	-1.36000E+2
+1.25300E+2	-1.35684E+2
+1.25208E+2	-1.34263E+2
+1.24813E+2	-1.46737E+2
+1.24621E+2	-1.43053E+2
+1.24620E+2	-1.46000E+2
+1.24540E+2	-1.36737E+2
+1.23891E+2	-1.45789E+2
+1.23863E+2	-1.41684E+2
+1.23844E+2	-1.43263E+2
+1.23305E+2	-1.41211E+2
+1.23082E+2	-1.46895E+2
+1.23079E+2	-1.40158E+2
+1.23071E+2	-1.41526E+2
+1.22516E+2	-1.43579E+2
+1.22354E+2	-1.45579E+2
+1.22354E+2	-1.44105E+2
+1.22054E+2	-1.43579E+2
+1.21546E+2	-1.49316E+2
+1.21546E+2	-1.44421E+2
+1.21530E+2	-1.43000E+2
+1.21036E+2	-1.42474E+2
+1.20819E+2	-1.44000E+2
+1.20818E+2	-1.44474E+2
+1.20708E+2	-1.45053E+2
+1.19965E+2	-1.41789E+2
+1.19947E+2	-1.44474E+2
+1.19927E+2	-1.36368E+2
+1.19383E+2	-1.34211E+2
+1.19371E+2	-1.30789E+2
+1.19366E+2	-1.32526E+2
+1.19062E+2	-1.34474E+2
+1.18378E+2	-1.25737E+2
+1.18339E+2	-1.22158E+2
+1.18303E+2	-1.19632E+2
+1.17736E+2	-1.09263E+2
+1.17675E+2	-1.07895E+2
+1.17676E+2	-1.11474E+2
+1.17011E+2	-9.76316E+1
+1.16785E+2	-9.72632E+1
+1.16780E+2	-9.11053E+1
+1.16783E+2	-9.45789E+1
+1.16396E+2	-8.00000E+1
+1.15923E+2	-8.73684E+1
+1.15904E+2	-8.87368E+1
+1.15899E+2	-9.83684E+1
+1.15552E+2	-9.86842E+1
+1.15264E+2	-9.27368E+1
+1.15260E+2	-9.96842E+1
+1.14794E+2	-1.03842E+2
+1.14231E+2	-1.17105E+2
+1.14219E+2	-1.12474E+2
+1.14154E+2	-1.15632E+2
+1.13335E+2	-1.23053E+2
+1.13177E+2	-1.31895E+2
+1.13176E+2	-1.34632E+2
+1.12840E+2	-1.34368E+2
+1.12349E+2	-1.41842E+2
+1.12295E+2	-1.36526E+2
+1.12293E+2	-1.40526E+2
+1.12084E+2	-1.39316E+2
+1.11909E+2	-1.42789E+2
+1.11784E+2	-1.43105E+2
+1.11394E+2	-1.47842E+2
+1.11160E+2	-1.42368E+2
+1.10842E+2	-1.42421E+2
+1.10781E+2	-1.40737E+2
+1.10385E+2	-1.47105E+2
+1.10342E+2	-1.40579E+2
+1.10119E+2	-1.42316E+2
+1.09949E+2	-1.37000E+2
+1.09948E+2	-1.36842E+2
+1.09578E+2	-1.42368E+2
+1.09311E+2	-1.43789E+2
+1.09310E+2	-1.41105E+2
+1.09199E+2	-1.45684E+2
+1.08530E+2	-1.41105E+2
+1.08497E+2	-1.39211E+2
+1.08493E+2	-1.40947E+2
+1.07676E+2	-1.40895E+2
+1.07514E+2	-1.46947E+2
+1.07511E+2	-1.41368E+2
+1.07257E+2	-1.39474E+2
+1.06687E+2	-1.41053E+2
+1.06586E+2	-1.38842E+2
+1.06583E+2	-1.41105E+2
+1.06306E+2	-1.40211E+2
+1.05649E+2	-1.29947E+2
+1.05604E+2	-1.31316E+2
+1.05599E+2	-1.41316E+2
+1.05067E+2	-1.30579E+2
+1.04664E+2	-1.30263E+2
+1.04665E+2	-1.29211E+2
+1.04625E+2	-1.27053E+2
+1.03924E+2	-1.30316E+2
+1.03791E+2	-1.24789E+2
+1.03790E+2	-1.24316E+2
+1.03563E+2	-1.20000E+2
+1.03020E+2	-1.23211E+2
+1.02988E+2	-1.24737E+2
+1.02986E+2	-1.26579E+2
+1.02722E+2	-1.24158E+2
+1.02080E+2	-1.24895E+2
+1.02031E+2	-1.26421E+2
+1.02027E+2	-1.26895E+2
+1.01557E+2	-1.33737E+2
+1.01200E+2	-1.31789E+2
+1.01180E+2	-1.30421E+2
+1.01135E+2	-1.37579E+2
+1.00470E+2	-1.30474E+2
+1.00385E+2	-1.31053E+2
+1.00358E+2	-1.29368E+2
+9.98252E+1	-1.38421E+2
+9.95858E+1	-1.35000E+2
+9.95862E+1	-1.35632E+2
+9.95141E+1	-1.39368E+2
+9.88907E+1	-1.39474E+2
+9.88502E+1	-1.39895E+2
+9.88483E+1	-1.39158E+2
+9.86753E+1	-1.37053E+2
+9.80197E+1	-1.42947E+2
+9.78998E+1	-1.39158E+2
+9.79019E+1	-1.44895E+2
+9.74748E+1	-1.40526E+2
+9.70887E+1	-1.42737E+2
+9.70902E+1	-1.35211E+2
+9.70077E+1	-1.40947E+2
+9.63609E+1	-1.38263E+2
+9.62821E+1	-1.40053E+2
+9.62831E+1	-1.36842E+2
+9.57809E+1	-1.44789E+2
+9.53999E+1	-1.44421E+2
+9.53989E+1	-1.46474E+2
+9.52466E+1	-1.43526E+2
+9.46949E+1	-1.38421E+2
+9.45994E+1	-1.43789E+2
+9.45964E+1	-1.42263E+2
+9.43028E+1	-1.47947E+2
+9.37779E+1	-1.40947E+2
+9.37160E+1	-1.43421E+2
+9.37186E+1	-1.38158E+2
+9.33822E+1	-1.41263E+2
+9.30049E+1	-1.40895E+2
+9.29674E+1	-1.44105E+2
+9.29659E+1	-1.43211E+2
+9.24500E+1	-1.38684E+2
+9.21369E+1	-1.42211E+2
+9.21342E+1	-1.42895E+2
+9.20213E+1	-1.43789E+2
+9.14587E+1	-1.42579E+2
+9.11819E+1	-1.46263E+2
+9.11814E+1	-1.33053E+2
+9.11672E+1	-1.37842E+2
+9.03845E+1	-1.38053E+2
+9.01942E+1	-1.36105E+2
+9.01960E+1	-1.39263E+2
+8.99115E+1	-1.42316E+2
+8.92634E+1	-1.45316E+2
+8.92245E+1	-1.38579E+2
+8.92214E+1	-1.39842E+2
+8.89763E+1	-1.36474E+2
+8.83335E+1	-1.40000E+2
+8.82880E+1	-1.38105E+2
+8.82835E+1	-1.36737E+2
+8.76348E+1	-1.41737E+2
+8.74457E+1	-1.37895E+2
+8.74465E+1	-1.42684E+2
+8.70427E+1	-1.43105E+2
+8.66328E+1	-1.39895E+2
+8.66316E+1	-1.39421E+2
+8.65876E+1	-1.39579E+2
+8.59821E+1	-1.39632E+2
+8.56748E+1	-1.40053E+2
+8.56672E+1	-1.38474E+2
+8.56673E+1	-1.41632E+2
+8.50904E+1	-1.39368E+2
+8.47907E+1	-1.42263E+2
+8.47903E+1	-1.41632E+2
+8.46018E+1	-1.45421E+2
+8.41357E+1	-1.49421E+2
+8.39193E+1	-1.43526E+2
+8.39190E+1	-1.41842E+2
+8.38965E+1	-1.39263E+2
+8.31339E+1	-1.40789E+2
+8.29460E+1	-1.44053E+2
+8.29456E+1	-1.44000E+2
+8.29232E+1	-1.42368E+2
+8.24151E+1	-1.38421E+2
+8.19138E+1	-1.39263E+2
+8.19020E+1	-1.45526E+2
+8.19047E+1	-1.39526E+2
+8.13654E+1	-1.41211E+2
+8.10094E+1	-1.43053E+2
+8.09988E+1	-1.45053E+2
+8.10005E+1	-1.43684E+2
+8.07508E+1	-1.42632E+2
+8.03505E+1	-1.44158E+2
+8.03480E+1	-1.44684E+2
+8.03350E+1	-1.47632E+2
+8.00731E+1	-1.44947E+2
+7.95474E+1	-1.47895E+2
+7.94834E+1	-1.44263E+2
+7.94844E+1	-1.44474E+2
+7.92994E+1	-1.44842E+2
+7.86673E+1	-1.41842E+2
+7.84228E+1	-1.40526E+2
+7.84177E+1	-1.43368E+2
+7.84214E+1	-1.42211E+2
+7.81025E+1	-1.46842E+2
+7.74826E+1	-1.39947E+2
+7.73971E+1	-1.43947E+2
+7.73952E+1	-1.48474E+2
+7.71233E+1	-1.41263E+2
+7.64219E+1	-1.41263E+2
+7.63340E+1	-1.36421E+2
+7.63307E+1	-1.41526E+2
+7.62320E+1	-1.34368E+2
+7.54632E+1	-1.42947E+2
+7.53533E+1	-1.39789E+2
+7.53542E+1	-1.43684E+2
+7.51085E+1	-1.38263E+2
+7.41637E+1	-1.40737E+2
+7.41521E+1	-1.39158E+2
+7.41497E+1	-1.44632E+2
+7.37312E+1	-1.40789E+2
+7.32225E+1	-1.39421E+2
+7.31637E+1	-1.38421E+2
+7.31665E+1	-1.40737E+2
+7.27049E+1	-1.42789E+2
+7.21579E+1	-1.41579E+2
+7.21411E+1	-1.43579E+2
+7.21188E+1	-1.45526E+2
+7.13184E+1	-1.44789E+2
+7.12331E+1	-1.44632E+2
+7.12340E+1	-1.38632E+2
+7.08917E+1	-1.37316E+2
+7.01072E+1	-1.39737E+2
+7.01016E+1	-1.46526E+2
+7.01009E+1	-1.42316E+2
+6.95121E+1	-1.42526E+2
+6.92091E+1	-1.41211E+2
+6.92091E+1	-1.42842E+2
+6.91626E+1	-1.48474E+2
+6.81206E+1	-1.42737E+2
+6.80182E+1	-1.41474E+2
+6.80119E+1	-1.39526E+2
+6.76212E+1	-1.44684E+2
+6.70375E+1	-1.40895E+2
+6.70311E+1	-1.43579E+2
+6.70322E+1	-1.45526E+2
+6.61742E+1	-1.42895E+2
+6.60093E+1	-1.40737E+2
+6.60050E+1	-1.41158E+2
+6.56740E+1	-1.41895E+2
+6.50960E+1	-1.37211E+2
+6.50935E+1	-1.43474E+2
+6.50929E+1	-1.37105E+2
+6.42252E+1	-1.43211E+2
+6.41144E+1	-1.47368E+2
+6.41059E+1	-1.39737E+2
+6.38200E+1	-1.38474E+2
+6.31363E+1	-1.34421E+2
+6.31342E+1	-1.41211E+2
+6.31273E+1	-1.42211E+2
+6.23785E+1	-1.40789E+2
+6.20786E+1	-1.33263E+2
+6.20773E+1	-1.36000E+2
+6.18568E+1	-1.37895E+2
+6.10592E+1	-1.39526E+2
+6.10250E+1	-1.39368E+2
+6.10198E+1	-1.41263E+2
+6.02994E+1	-1.37526E+2
+6.00603E+1	-1.38947E+2
+6.00648E+1	-1.36947E+2
+6.00112E+1	-1.38316E+2
+5.91608E+1	-1.36579E+2
+5.89996E+1	-1.37211E+2
+5.89977E+1	-1.34211E+2
+5.87033E+1	-1.38579E+2
+5.80821E+1	-1.40947E+2
+5.80104E+1	-1.42000E+2
+5.80096E+1	-1.40474E+2
+5.77671E+1	-1.39632E+2
+5.69745E+1	-1.38368E+2
+5.69295E+1	-1.43105E+2
+5.69300E+1	-1.43526E+2
+5.62968E+1	-1.42474E+2
+5.57689E+1	-1.44632E+2
+5.57637E+1	-1.46316E+2
+5.55261E+1	-1.38421E+2
+5.47437E+1	-1.46105E+2
+5.46868E+1	-1.40105E+2
+5.46818E+1	-1.43368E+2
+5.46810E+1	-1.36895E+2
+5.46823E+1	-1.42579E+2
+5.46826E+1	-1.40632E+2
+5.45592E+1	-1.27000E+2
+5.41099E+1	-1.13579E+2
+5.37797E+1	-9.22632E+1
+5.37699E+1	-6.81579E+1
+5.37699E+1	-4.04211E+1
+5.34280E+1	-1.31053E+1
+5.31134E+1	+9.68421E+0
+5.31099E+1	+3.00526E+1
+5.31125E+1	+4.76316E+1
+5.29934E+1	+5.52632E+1
+5.26972E+1	+6.91053E+1
+5.26896E+1	+7.75789E+1
+5.26853E+1	+7.98421E+1
+5.25605E+1	+8.07895E+1
+5.20733E+1	+8.62632E+1
+5.18681E+1	+8.42105E+1
+5.18594E+1	+8.44211E+1
+5.18644E+1	+8.31579E+1
+5.18199E+1	+8.43158E+1
+5.15351E+1	+8.43684E+1
+5.15015E+1	+8.38421E+1
+5.14823E+1	+9.42632E+1
+5.14803E+1	+1.04474E+2
+5.14751E+1	+1.12895E+2
+5.14704E+1	+1.23842E+2
+5.14715E+1	+1.41474E+2
+5.14732E+1	+1.51895E+2
+5.14689E+1	+1.68579E+2
+5.14748E+1	+1.77579E+2
+5.14730E+1	+1.80316E+2
+5.14669E+1	+1.79000E+2
+5.14687E+1	+1.85474E+2
+5.14708E+1	+1.86263E+2
+5.14721E+1	+1.89263E+2
+5.14762E+1	+1.90526E+2
+5.14725E+1	+1.92053E+2
+5.14721E+1	+1.91368E+2
+5.14719E+1	+1.92263E+2
+5.14688E+1	+1.93737E+2
+5.14690E+1	+1.95000E+2
+5.14710E+1	+1.91158E+2
+5.14668E+1	+1.90526E+2
+5.14709E+1	+1.91368E+2
+5.14710E+1	+1.97211E+2
+5.14652E+1	+1.92737E+2
+5.14689E+1	+1.91474E+2
+5.14668E+1	+1.95368E+2
+5.14670E+1	+1.88421E+2
+5.14718E+1	+2.01316E+2
+5.14691E+1	+1.89842E+2